4.990089416503906
9.005414962768555
2.1558382511138916
4.4154744148254395
4.593097686767578
5.229650020599365
5.3806047439575195
5.362353324890137
2.0296595096588135
7.118261337280273
9.841485023498535
3.319758176803589
7.3563947677612305
0.1819736361503601
0.5029708743095398
4.434062480926514
4.699718952178955
8.000874519348145
8.779390335083008
3.1323421001434326
8.769264221191406
0.6262653470039368
8.02946949005127
9.120266914367676
8.240220069885254
4.965274810791016
8.873525619506836
0.47026219964027405
4.215087890625
3.605154514312744
4.855788230895996
2.1218628883361816
8.662692070007324
5.108301639556885
4.111867427825928
7.344493389129639
9.812739372253418
0.0904441550374031
6.752602577209473
2.0211105346679688
9.659679412841797
9.006427764892578
1.6130191087722778
3.4865498542785645
9.248571395874023
8.564188957214355
1.9720656871795654
4.914169788360596
2.2787485122680664
1.5766681432724
5.812525749206543
9.450586318969727
9.47593879699707
2.3888041973114014
8.066766738891602
0.09509636461734772
8.649734497070312
3.5698482990264893
3.274571657180786
1.0164577960968018
7.4083356857299805
5.417623519897461
0.29933926463127136
6.105639934539795
5.0640153884887695
9.78957748413086
2.373455762863159
9.591386795043945
2.5860252380371094
9.273857116699219
1.7798597812652588
7.42214298248291
4.318266868591309
3.9186577796936035
5.752551555633545
2.473956346511841
2.4737701416015625
8.10403060913086
5.336433410644531
8.564423561096191
1.7728261947631836
2.0427021980285645
1.6846823692321777
7.519632339477539
7.379919052124023
3.3785061836242676
2.910639762878418
2.2283287048339844
7.936089515686035
7.534258842468262
2.249584436416626
8.388749122619629
8.02428150177002
3.168700695037842
2.897432327270508
1.892703652381897
7.4669318199157715
9.828058242797852
3.0500247478485107
5.68123722076416
8.700907707214355
2.404268980026245
7.544703483581543
8.371745109558105
7.477446556091309
4.997278690338135
9.841596603393555
4.334010601043701
8.520818710327148
8.792147636413574
4.7767744064331055
8.868947982788086
9.515789031982422
9.079788208007812
1.0936946868896484
1.9930357933044434
8.019111633300781
6.101198673248291
3.1291821002960205
2.540552854537964
2.4180760383605957
4.6237568855285645
4.250120639801025
5.737611770629883
5.288610458374023
9.558231353759766
2.6793951988220215
4.196602821350098
9.708945274353027
3.3677425384521484
3.383551597595215
5.101439952850342
7.365447998046875
5.827979564666748
8.947566032409668
9.754590034484863
7.753853797912598
2.5080862045288086
8.770874977111816
2.3065874576568604
7.163796901702881
5.26656436920166
1.3426740169525146
8.159650802612305
2.585057258605957
8.960552215576172
8.851436614990234
2.231534957885742
3.2002198696136475
9.712285041809082
8.319482803344727
2.0592939853668213
9.062089920043945
2.3751208782196045
4.352063179016113
2.0953447818756104
3.773562431335449
4.398741245269775
4.685645580291748
9.298901557922363
2.1141514778137207
9.480759620666504
7.3792829513549805
0.2188357412815094
6.9714155197143555
2.1333680152893066
7.9393768310546875
2.257613182067871
2.5277442932128906
1.858607530593872
8.562835693359375
4.6881513595581055
5.788450241088867
7.478757381439209
5.005048751831055
7.430869102478027
0.2459944635629654
0.8972214460372925
5.473708629608154
3.7228946685791016
2.6654272079467773
3.447767496109009
0.41553521156311035
1.2783551216125488
9.323509216308594
0.32324549555778503
9.707009315490723
8.729082107543945
7.947312355041504
4.817220211029053
9.453868865966797
3.19685435295105
8.812767028808594
2.478472948074341
5.85040283203125
2.505903482437134
0.1812923550605774
0.38712412118911743
4.608068943023682
1.7956334352493286
9.426263809204102
0.9101935625076294
0.8853894472122192
4.341125011444092
9.78110408782959
3.658210039138794
4.598121166229248
5.928323268890381
6.371893405914307
6.04117488861084
0.2858956456184387
8.815299034118652
8.83016300201416
8.090420722961426
2.4893012046813965
9.783371925354004
9.189580917358398
5.483520030975342
3.998488426208496
1.0634880065917969
1.5133415460586548
4.028312683105469
4.837958335876465
2.178300619125366
0.6250795125961304
7.528219223022461
8.600419998168945
2.159984827041626
9.138751983642578
7.804593563079834
2.3927111625671387
2.6732242107391357
9.463085174560547
3.1711411476135254
6.237565040588379
8.622907638549805
2.4367456436157227
4.83758020401001
1.6255688667297363
0.27433860301971436
3.6081674098968506
1.6286522150039673
1.9373226165771484
2.18583607673645
9.805216789245605
1.4022599458694458
8.571283340454102
0.3498755097389221
2.000520706176758
6.647760391235352
2.008970022201538
6.946463108062744
4.310544967651367
5.137351036071777
9.006153106689453
0.24195921421051025
7.716203212738037
7.073336601257324
3.7929329872131348
7.419069290161133
7.294873237609863
8.756828308105469
2.25165057182312
3.4176201820373535
7.094991683959961
3.651902914047241
9.401130676269531
3.095715045928955
5.3254170417785645
9.437335968017578
3.866612434387207
8.588872909545898
1.325006365776062
6.869680881500244
4.399461269378662
3.0259947776794434
2.9123177528381348
2.0719542503356934
8.703728675842285
9.317994117736816
6.210455894470215
7.513341426849365
8.105504989624023
4.082950592041016
3.6453847885131836
2.2179298400878906
8.125544548034668
4.735381126403809
8.558947563171387
1.386335015296936
0.9604213237762451
4.211496353149414
8.762298583984375
8.601670265197754
6.19673490524292
0.7137815952301025
9.2070951461792
4.114686965942383
9.087000846862793
2.528683662414551
3.7243123054504395
5.979531288146973
3.2468459606170654
0.5715190768241882
2.636604070663452
6.78294563293457
3.8302488327026367
8.770486831665039
3.2507777214050293
8.734869003295898
2.7730822563171387
9.449870109558105
4.227810382843018
0.1239921972155571
0.45368021726608276
3.384462356567383
4.118664741516113
7.43900728225708
2.1402170658111572
4.6573991775512695
7.5446696281433105
3.359466075897217
1.208325982093811
9.786898612976074
8.196720123291016
0.09070920944213867
6.507302284240723
5.038754940032959
2.1593313217163086
1.9765541553497314
8.283703804016113
1.7035908699035645
8.069485664367676
1.953319787979126
9.311159133911133
2.112121105194092
4.547008514404297
7.066991806030273
9.568490982055664
7.6541972160339355
9.07917594909668
8.87550163269043
0.7093446254730225
2.664827823638916
8.46496295928955
3.039102792739868
6.8329901695251465
5.082087993621826
2.6124486923217773
9.065102577209473
1.4876329898834229
1.693389892578125
4.87807035446167
1.933404803276062
7.215239524841309
2.3221728801727295
3.224148988723755
1.8516476154327393
0.10787126421928406
9.651930809020996
4.8158955574035645
7.4337286949157715
9.613186836242676
9.352744102478027
0.30509260296821594
5.603926181793213
8.060291290283203
9.079034805297852
3.856982707977295
7.074535369873047
1.8483613729476929
1.8569591045379639
0.08378487825393677
0.6214998960494995
4.98306131362915
7.880973815917969
4.7814226150512695
6.08271598815918
9.390233039855957
5.042597770690918
0.6869068145751953
1.7600531578063965
2.6480460166931152
9.784383773803711
9.801300048828125
4.1513237953186035
6.148425102233887
4.320641040802002
1.705277681350708
9.112909317016602
2.1285738945007324
2.335793972015381
1.542311668395996
1.3473807573318481
8.86266803741455
0.811715841293335
1.4823417663574219
1.0604815483093262
0.6005169153213501
5.083003997802734
6.3847246170043945
1.7127470970153809
9.71407413482666
7.4582414627075195
7.106679916381836
9.710073471069336
8.689504623413086
4.1971893310546875
7.717991352081299
8.477156639099121
1.676872730255127
9.713251113891602
5.378883361816406
7.9851226806640625
8.468131065368652
4.297897815704346
0.6883803606033325
7.772793769836426
7.913449287414551
3.9824881553649902
0.49793049693107605
2.7533328533172607
4.028773784637451
5.964638710021973
1.4604235887527466
2.404801607131958
9.658287048339844
7.671038627624512
4.405275344848633
6.751641273498535
2.0240285396575928
9.648237228393555
8.865431785583496
3.2069196701049805
9.104198455810547
2.4867961406707764
8.791932106018066
0.29405277967453003
3.8098952770233154
4.051680088043213
3.5734341144561768
5.357634544372559
9.511266708374023
9.83655834197998
7.501987934112549
7.607112884521484
0.2002565860748291
1.9879391193389893
1.9111452102661133
3.586176633834839
5.618459701538086
2.973782777786255
9.826214790344238
2.829941511154175
7.945745468139648
1.6190507411956787
5.043220520019531
9.456713676452637
9.556562423706055
8.624505043029785
3.461979627609253
0.642650842666626
3.5116865634918213
3.566199541091919
8.893293380737305
2.957728147506714
0.6637850999832153
0.12589222192764282
2.8048243522644043
5.7541046142578125
0.7755560278892517
9.792682647705078
1.985600471496582
1.6461492776870728
8.66334342956543
1.3325426578521729
9.33811092376709
9.182209014892578
3.396008253097534
1.8917077779769897
1.9941574335098267
8.103853225708008
9.346165657043457
3.051915168762207
0.38604673743247986
1.1847903728485107
6.696918487548828
1.6470743417739868
9.458964347839355
8.790770530700684
4.085968017578125
4.764851093292236
2.7095649242401123
9.367839813232422
1.7220752239227295
2.911130905151367
9.525284767150879
0.5994624495506287
6.963508605957031
9.706281661987305
9.446998596191406
9.602083206176758
9.326101303100586
3.559098243713379
3.070098876953125
0.6009339094161987
3.7293663024902344
8.89167308807373
9.639941215515137
3.2372756004333496
6.261526107788086
8.190576553344727
2.1530027389526367
8.640501022338867
3.444610118865967
8.829683303833008
3.2505016326904297
7.6848464012146
2.715637683868408
3.8930153846740723
1.8985750675201416
8.924731254577637
3.9212372303009033
3.7618038654327393
2.5594730377197266
1.4419629573822021
7.189371109008789
1.942033290863037
0.40501028299331665
8.720580101013184
4.6045451164245605
1.5616847276687622
7.8885369300842285
0.7060194611549377
8.262120246887207
3.3335604667663574
7.779753684997559
3.79364013671875
4.802696228027344
3.9259848594665527
5.490412712097168
7.670989990234375
0.18502604961395264
0.6997253894805908
2.6554694175720215
9.566987037658691
1.8239154815673828
5.526607513427734
3.5733323097229004
2.5691580772399902
0.6125469207763672
8.736961364746094
4.828033924102783
5.471670627593994
8.65776252746582
9.124540328979492
1.0170902013778687
1.1515214443206787
0.9712120890617371
7.35660982131958
4.4868693351745605
5.319653034210205
9.679414749145508
4.362247943878174
0.5587471127510071
8.938426971435547
5.793069839477539
9.021405220031738
9.277746200561523
3.289289951324463
1.1310465335845947
9.837202072143555
1.6723942756652832
9.492303848266602
9.832915306091309
9.609330177307129
1.5578272342681885
5.725410461425781
1.7182884216308594
8.544205665588379
7.783061981201172
0.2185799926519394
8.23432445526123
0.08332747220993042
7.862395763397217
1.8227750062942505
3.1155128479003906
1.9607223272323608
9.47451114654541
5.533552646636963
3.5030558109283447
9.36703109741211
2.9020352363586426
1.805955410003662
9.858457565307617
5.590960502624512
7.153411865234375
3.4586479663848877
4.604281902313232
6.88480806350708
3.5816547870635986
8.075372695922852
8.785566329956055
1.521946907043457
2.6439273357391357
3.5136313438415527
9.270800590515137
0.6432936191558838
8.945525169372559
2.663681745529175
3.8449368476867676
6.1649298667907715
2.5011162757873535
2.001727819442749
2.9286646842956543
1.4101316928863525
2.131162643432617
4.879505634307861
4.974855899810791
3.337726593017578
5.8433637619018555
2.632755994796753
7.981293678283691
4.13920783996582
9.81106948852539
1.188942551612854
4.666666507720947
0.11173851788043976
9.487322807312012
5.30733585357666
9.361907005310059
5.243112564086914
9.585612297058105
6.093191623687744
4.043440818786621
5.555829048156738
2.7728047370910645
2.7590224742889404
4.199395656585693
8.592926025390625
3.392909526824951
3.520346164703369
1.6728912591934204
8.859211921691895
4.705229759216309
0.08239943534135818
3.5363521575927734
0.7305294871330261
3.1004226207733154
3.7578701972961426
4.065642833709717
1.708821177482605
1.480621099472046
4.114013671875
1.792575716972351
7.494081497192383
7.615787506103516
5.0729660987854
1.5573281049728394
3.239170551300049
3.165083885192871
6.978581428527832
0.16013985872268677
9.28955364227295
1.7904839515686035
5.994637489318848
0.0840115174651146
6.351733684539795
2.0481674671173096
0.8426865339279175
3.8972175121307373
0.08217845857143402
9.689454078674316
1.6709425449371338
5.04494571685791
0.37226223945617676
2.5280559062957764
3.1959221363067627
8.99132251739502
4.252989768981934
0.5858604311943054
5.122882843017578
1.829192042350769
7.93833065032959
2.9353201389312744
7.277751922607422
8.018362045288086
2.131976842880249
5.7428507804870605
3.633185625076294
3.243217945098877
7.5502848625183105
2.293123722076416
9.364476203918457
9.663298606872559
9.582151412963867
4.855147838592529
0.8226805925369263
3.1904492378234863
5.5370330810546875
9.244697570800781
1.432725191116333
3.3682072162628174
8.789399147033691
1.8547859191894531
4.19099760055542
0.15439528226852417
1.078377366065979
0.44870007038116455
8.979719161987305
8.227385520935059
1.144808053970337
7.366082191467285
8.100781440734863
2.0579748153686523
7.965573310852051
1.622512936592102
9.587823867797852
6.291717529296875
4.89774751663208
9.556614875793457
1.1919087171554565
1.791548252105713
4.798257827758789
1.3119697570800781
8.522027969360352
8.040860176086426
3.865105152130127
4.21325159072876
9.676039695739746
3.7744946479797363
7.007755279541016
3.6445019245147705
3.991001844406128
0.9014438986778259
3.224595785140991
6.175671577453613
6.032557487487793
8.014806747436523
8.127720832824707
1.4610214233398438
8.010917663574219
8.621249198913574
2.5277507305145264
0.7384329438209534
8.906567573547363
9.650766372680664
9.837883949279785
9.50620174407959
0.08175283670425415
7.327908992767334
6.635682582855225
4.13033390045166
6.529505252838135
9.18079948425293
4.801578044891357
9.086393356323242
6.432614326477051
4.942732810974121
6.120091438293457
8.485372543334961
5.585740089416504
9.04218578338623
9.678011894226074
5.898410797119141
9.289459228515625
1.355686068534851
3.689958095550537
8.02890682220459
7.429718017578125
9.106287956237793
8.464299201965332
3.456016778945923
8.871378898620605
7.104623794555664
2.8437747955322266
7.257528781890869
8.2810697555542
5.006175518035889
3.9333572387695312
1.8765738010406494
1.0572115182876587
3.541510581970215
9.81122875213623
0.28476041555404663
2.560396194458008
9.758316040039062
2.8338897228240967
8.157732009887695
2.7963898181915283
0.8502516746520996
2.4990170001983643
9.75151252746582
0.6804935932159424
2.8553919792175293
8.8828125
2.1358165740966797
5.829458713531494
9.633373260498047
8.054025650024414
5.52704381942749
9.665182113647461
4.679008960723877
2.179333209991455
3.4930434226989746
9.388944625854492
3.7137436866760254
1.8384788036346436
5.879364967346191
0.16927596926689148
9.49683666229248
4.979124546051025
1.7503868341445923
4.470245361328125
2.2644646167755127
2.7520289421081543
8.982791900634766
3.767024278640747
5.9308953285217285
3.5546555519104004
8.41512393951416
9.150728225708008
9.09458065032959
4.4479756355285645
0.92083740234375
5.76124382019043
9.126951217651367
7.180120468139648
6.8548431396484375
5.141811847686768
7.647457599639893
5.8713884353637695
3.1460704803466797
8.167376518249512
9.131649017333984
4.44930362701416
2.7001187801361084
4.387240886688232
3.441013813018799
9.233556747436523
6.133761882781982
6.181632995605469
4.65069055557251
1.3613415956497192
0.3962482810020447
3.4449634552001953
1.3418389558792114
9.291031837463379
2.1333484649658203
3.233938694000244
0.35530325770378113
9.345704078674316
2.033489942550659
0.3564443588256836
8.486244201660156
0.12458860874176025
6.030063152313232
4.168912887573242
7.302758693695068
9.054430961608887
8.871910095214844
8.419682502746582
4.807184219360352
6.953889846801758
5.806758880615234
5.350473403930664
3.3870790004730225
6.5658860206604
4.711020469665527
3.8551111221313477
1.636080026626587
8.919940948486328
9.24881362915039
4.666573524475098
2.295159101486206
9.802583694458008
2.665494441986084
3.929250478744507
3.860210418701172
7.0922112464904785
1.0267471075057983
7.910809516906738
1.3566691875457764
8.226183891296387
3.2826077938079834
1.8024624586105347
0.12065692991018295
3.447401523590088
6.075006008148193
4.6736626625061035
4.1761345863342285
7.516636371612549
0.08041045814752579
4.626655101776123
5.230429649353027
0.09268779307603836
5.8431172370910645
9.054597854614258
2.309506416320801
4.749069690704346
7.060666084289551
7.441497802734375
3.922362804412842
3.404757499694824
0.5757770538330078
4.942070007324219
9.614264488220215
5.147941589355469
2.7348670959472656
1.9204121828079224
9.84199047088623
1.2417386770248413
6.4508562088012695
1.7499432563781738
5.351982116699219
5.716207504272461
4.712093830108643
5.530893802642822
4.170731067657471
8.946521759033203
1.7653881311416626
1.179565668106079
7.21937894821167
1.4711928367614746
1.3918280601501465
2.225860118865967
9.396533012390137
2.867877960205078
1.5620778799057007
1.8320852518081665
1.8179967403411865
8.941311836242676
5.22780179977417
1.6992247104644775
9.156196594238281
9.767366409301758
5.111148357391357
6.409831523895264
9.772173881530762
6.195432662963867
1.430648684501648
8.905023574829102
8.735881805419922
0.8071633577346802
2.5912559032440186
7.049156188964844
1.6580801010131836
2.6514692306518555
0.7405039072036743
2.099914789199829
4.557872772216797
8.697833061218262
2.9762542247772217
9.529800415039062
1.1975287199020386
9.572402954101562
9.841252326965332
3.0637636184692383
1.2914466857910156
4.40037727355957
9.113182067871094
7.8203582763671875
5.0904436111450195
5.091126441955566
0.6632587313652039
8.15424919128418
2.097782611846924
6.87277364730835
0.33437222242355347
6.720145225524902
1.214059591293335
4.788654327392578
1.5058369636535645
0.912029504776001
1.6134189367294312
5.880094051361084
9.75434398651123
5.221306800842285
0.23052820563316345
9.654412269592285
6.861721038818359
5.311561584472656
0.9411188960075378
4.440954685211182
0.9763269424438477
3.668170213699341
2.072249412536621
2.012335777282715
0.9893754124641418
6.7678680419921875
3.613387107849121
0.09713158756494522
7.812014102935791
3.560218572616577
8.724699020385742
5.5225701332092285
4.000103950500488
9.310639381408691
6.583061218261719
7.262595176696777
